%parametros
global l1 l2 l3 l4 l5 l6

l1=0.330;
l2=0.050;
l3=0.440;
l4=0.035;
l5=0.420;
l6=0.080;
